8 8 1 3 6 4 1 4 6 6 
4 9 5 8 7 4 
9 5 1 2 4 0 4 4 3 3 2 
0 1 
7 10 1 7 4 0 9 4 8 
9 11 8 9 9 1 7 5 5 10 1 
3 8 1 3 6 
11 66 41 53 64 34 29 16 60 54 34 44 29 
100 777 173 748 510 637 491 664 287 165 774 534 618 17 153 292 727 327 68 293 470 8 747 8 660 315 487 26 658 718 570 731 501 242 30 579 2 378 718 281 652 683 449 28 123 612 427 176 417 334 1 661 704 434 288 288 580 493 395 616 115 251 495 350 513 283 587 243 21 306 440 204 191 774 529 108 185 304 383 722 667 627 582 539 445 98 559 578 528 396 224 171 35 754 132 171 606 768 752 593 630 359 
3 9 5 8 7 
7 6 5 5 4 4 5 4 0 
1 1 0 
7 4 1 3 2 0 1 0 2 
8 6 0 4 2 5 5 1 3 1 
8 4 1 3 2 0 1 0 2 2 
100 777 544 377 266 173 748 510 637 491 664 287 165 774 534 618 17 153 292 727 327 68 293 470 8 747 8 660 315 487 26 658 718 570 731 501 242 30 579 2 378 718 281 652 683 449 28 123 612 427 176 417 334 1 661 704 434 288 288 580 493 395 616 115 251 495 350 513 283 587 243 21 306 440 204 191 774 529 108 185 304 383 722 667 627 582 539 445 98 559 578 528 396 224 171 35 754 132 171 606 768 752 
100 777 593 630 359 773 506 424 54 390 359 33 435 195 676 81 614 765 599 680 345 34 146 397 155 373 624 745 757 322 27 665 136 459 694 632 558 282 182 362 352 434 134 717 206 82 311 598 96 419 123 734 114 101 316 143 429 335 569 267 400 156 494 263 190 533 50 142 711 711 153 666 243 397 511 72 53 445 0 743 684 680 256 467 620 130 561 727 713 90 324 401 280 190 323 623 287 357 398 587 202 476 
100 555 43 333 119 463 294 419 4 512 420 505 318 468 553 477 454 68 233 225 138 513 45 371 368 296 164 263 259 517 492 312 223 82 488 314 430 242 188 86 390 133 286 411 107 414 407 75 348 446 277 446 5 128 454 162 534 306 236 363 332 336 31 149 227 171 142 524 80 167 380 290 468 229 101 258 81 354 270 328 7 40 317 295 448 346 312 447 397 407 284 489 191 539 551 249 148 387 335 10 104 454 
100 777 448 188 619 189 739 645 599 768 739 355 370 97 16 343 441 517 193 662 189 214 314 565 401 742 23 93 243 46 236 469 347 608 428 268 105 628 135 707 278 743 428 561 349 133 336 10 481 259 663 20 136 607 96 248 295 365 389 680 651 21 159 599 513 761 83 447 754 543 589 50 614 32 139 581 87 398 101 517 59 529 767 183 585 233 285 734 178 98 494 325 525 407 679 413 209 337 98 776 771 710 
10 10 1 7 4 0 9 4 8 8 2 4 
10 10 5 5 1 7 1 1 5 2 7 6 
7 7 6 1 6 5 3 2 5 
3 3 2 2 1 
